0.0 0.125 1.0 0.0 0.0 0.0 0.8611746569214657 0.3545959161729105
0.3333333333333333 0.375 0.5 0.0 0.012987012987012988 0.08333333333333333 0.8323008018694606 0.5489867724320188
0.0 0.34375 0.3333333333333333 0.0 0.012987012987012988 0.0 0.890104286558 0.6135468212260897
0.3333333333333333 0.21875 0.25 0.0 0.0 0.0 0.1415628266270753 0.5024202476584305
0.0 0.1875 0.2 0.0 0.0 0.0 0.7272362455386101 0.4589930224114076
0.0 0.3125 0.16666666666666666 0.0 0.0 0.0 0.5761322576946664 0.616523324887544
0.3333333333333333 0.5 0.14285714285714285 0.0 0.012987012987012988 0.0 0.9154110369971196 0.6756524629165008
0.3333333333333333 0.375 0.125 0.0 0.0 0.0 0.5649647513178889 0.6796604363201145
0.0 0.59375 0.1111111111111111 0.0 0.03896103896103896 0.10526315789473684 0.6822791855104424 0.7843865092373005
0.0 0.4375 0.1 0.07142857142857142 0.012987012987012988 0.0 0.7479022234324645 0.6805100025666658
0.0 1.0 0.09090909090909091 0.0625 0.03896103896103896 0.125 0.7081219702351473 1.0
0.0 0.78125 0.08333333333333333 0.0 0.025974025974025976 0.12 0.8910724553299835 0.8690407121071245
0.0 0.34375 0.07692307692307693 0.0 0.025974025974025976 0.0 0.7127296299515179 0.577075025308159
0.0 0.6875 0.07142857142857142 0.13636363636363635 0.012987012987012988 0.09090909090909091 0.811432795307292 0.8204829219365453
0.0 0.09375 0.06666666666666667 0.0 0.0 0.0 0.9879529374702298 0.2899441380556921
0.0 0.25 0.0625 0.0 0.03896103896103896 0.0 0.8314833260072018 0.534361151871094
0.0 0.53125 0.058823529411764705 0.0 0.025974025974025976 0.11764705882352941 0.804095312114299 0.7630769866139792
0.0 0.625 0.05555555555555555 0.1 0.025974025974025976 0.1 0.7983341007987746 0.7525767127647286
0.0 0.28125 0.05263157894736842 0.0 0.025974025974025976 0.0 0.3053491992890376 0.5766625960086641
0.0 0.71875 0.05 0.043478260869565216 0.0 0.34782608695652173 0.7697644398788518 0.9169499886331589
0.3333333333333333 0.65625 0.047619047619047616 0.0 0.025974025974025976 0.09523809523809523 0.7327133178326426 0.8327785812751994
0.0 0.34375 0.045454545454545456 0.0 0.0 0.0 0.9903693525230266 0.5800565833589522
0.0 0.25 0.043478260869565216 0.0 0.012987012987012988 0.0 1.0 0.45992012646477654
0.0 0.78125 0.041666666666666664 0.04 0.05194805194805195 0.04 0.7626352561527837 0.8887733566310686
0.3333333333333333 0.40625 0.04 0.0 0.012987012987012988 0.07692307692307693 0.5893086085458972 0.6817425766186693
0.0 0.375 0.038461538461538464 0.0 0.025974025974025976 0.08333333333333333 0.7661518976168258 0.6410627125121581
0.0 0.25 0.037037037037037035 0.0 0.0 0.125 0.6537802657021312 0.5440594165016016
0.0 0.375 0.03571428571428571 0.0 0.0 0.0 0.5118574943296345 0.6829086704048761
0.0 0.1875 0.034482758620689655 0.0 0.0 0.0 0.736071477438524 0.4598660897758887
0.0 0.21875 0.03333333333333333 0.0 0.0 0.0 0.6722154954685728 0.503195248326442
0.0 0.84375 0.03225806451612903 0.07407407407407407 0.03896103896103896 0.07407407407407407 0.8476087471146286 0.7982763869009191
0.0 0.71875 0.03125 0.08695652173913043 0.03896103896103896 0.08695652173913043 0.6844625732183064 0.865903082090013
0.3333333333333333 0.65625 0.030303030303030304 0.0 0.012987012987012988 0.0 0.6083365306847961 0.8174238500367589
0.0 0.375 0.029411764705882353 0.0 0.025974025974025976 0.0 0.6875324821725967 0.674029687136489
0.0 0.53125 0.02857142857142857 0.0 0.012987012987012988 0.11764705882352941 0.5011082806935796 0.7951424822057243
0.3333333333333333 0.59375 0.027777777777777776 0.0 0.03896103896103896 0.0 0.9321834465241161 0.8168308305152023
0.0 0.4375 0.02702702702702703 0.0 0.012987012987012988 0.07142857142857142 0.7234305568569404 0.7057306667745735
0.0 0.15625 0.02631578947368421 0.0 0.0 0.0 0.839198741087835 0.40793779548202747
0.0 0.5 0.02564102564102564 0.125 0.025974025974025976 0.0625 0.7852984070849143 0.6783977571505407
0.0 0.4375 0.025 0.0 0.012987012987012988 0.07142857142857142 0.6083833879952852 0.7379334051156292
0.0 0.34375 0.024390243902439025 0.0 0.012987012987012988 0.0 0.909154459017294 0.6118713699717108
0.0 0.5 0.023809523809523808 0.0 0.025974025974025976 0.0625 0.6374212421216552 0.7912047958390758
0.0 0.25 0.023255813953488372 0.0 0.0 0.0 0.6216611913255589 0.504934747374529
0.0 0.6875 0.022727272727272728 0.0 0.012987012987012988 0.13636363636363635 0.6392831795412104 0.7233834940433695
0.0 0.5 0.022222222222222223 0.0625 0.0 0.1875 0.4554636200608015 0.7484069921443981
0.0 0.40625 0.021739130434782608 0.15384615384615385 0.012987012987012988 0.0 0.6416247804903877 0.6771543374295705
0.0 0.34375 0.02127659574468085 0.0 0.025974025974025976 0.09090909090909091 0.711536876000593 0.673386311448404
0.0 0.28125 0.020833333333333332 0.0 0.025974025974025976 0.0 0.7067452128272609 0.5770643053249649
0.0 0.21875 0.02040816326530612 0.14285714285714285 0.012987012987012988 0.0 0.8453347208767609 0.40845391277312937
0.0 0.375 0.02 0.0 0.025974025974025976 0.0 0.7366886734739007 0.6450094376881299
0.3333333333333333 0.375 0.0196078431372549 0.0 0.025974025974025976 0.0 0.703732418808445 0.6755829674282839
0.0 0.34375 0.019230769230769232 0.0 0.0 0.0 0.8605603024926277 0.6173156181522647
0.0 0.09375 0.018867924528301886 0.0 0.0 0.0 0.9574147274359679 0.2914793220104816
0.0 0.5625 0.018518518518518517 0.0 0.012987012987012988 0.0 0.872972504205749 0.7683391604126114
0.0 0.59375 0.01818181818181818 0.05263157894736842 0.012987012987012988 0.0 0.545700356516721 0.7925279755383614
0.0 0.59375 0.017857142857142856 0.0 0.025974025974025976 0.15789473684210525 0.895521675280627 0.7928983684283535
0.0 0.71875 0.017543859649122806 0.0 0.025974025974025976 0.0 0.8272347195448553 0.8934221789844291
0.0 0.3125 0.017241379310344827 0.0 0.025974025974025976 0.0 0.9400604879516921 0.5763312114213079
0.0 0.59375 0.01694915254237288 0.0 0.03896103896103896 0.0 0.9831413991278474 0.7820397550173361
0.0 0.71875 0.016666666666666666 0.0 0.012987012987012988 0.0 0.8582627821319444 0.8909413197187339
0.0 0.375 0.01639344262295082 0.0 0.0 0.0 0.8215921149464008 0.6485789347761326
0.3333333333333333 0.375 0.016129032258064516 0.0 0.0 0.0 0.6186077083860965 0.6809070927738271
0.0 0.34375 0.015873015873015872 0.0 0.0 0.0 0.5542570090950191 0.6507112444722413
0.0 0.59375 0.015625 0.0 0.0 0.5263157894736842 0.9208418440238677 0.7714919974293298
0.0 0.125 0.015384615384615385 0.0 0.0 0.5 0.8470177716283704 0.3573854995919821