0.26499699592840775
0.3928774145768274
0.2638986145774105
0.35504251385279706
0.2628506037607776
0.26326739460995346
0.3268428419511071
0.32105901687358585
0.26531741323574387
0.2996641704300476
0.29596045518133623
0.2622551388381526
0.26419612414143767
0.30118099235098905
0.26567800417357945
0.2611203771639909
0.26625308671391185
0.29310904452046954
0.2622379432724261
0.2883776342182731
0.2897091882372559
0.26419612414143767
0.2611203771639909
0.28647848353153543
0.28599497334204804
0.2650089993839994
0.2611203771639909
0.2650089993839994
0.26325167962722545
0.26222072519206746
0.2820695189451866
0.28160208856258523
0.2810141538657
0.2650089993839994
0.266540038077293
0.27966817840526553
0.2662098132564147
0.26418213231658394
0.2788476480353084
0.2662098132564147
0.26419612414143767
0.26659437536689057
0.2611203771639909
0.26323593896927244
0.27771637224994444
0.2765507480462723
0.26419612414143767
0.2622379432724261
0.2752303027530299
0.2650089993839994
0.2752683600188494
0.26419612414143767
0.26567800417357945
0.2661957957957958
0.27540448095288855
0.2656682717805527
0.2622034846440644
0.26326739460995346
0.2656682717805527
0.2622034846440644
0.2650089993839994
0.2733498461726971
0.26419612414143767
0.2656682717805527
0.26499699592840775